latitude=11.271641144083603
longitude=75.84150534992553
